[
    [
        197725,
        [
            719,
            275
        ]
    ],
    [
        182650,
        [
            650,
            281
        ]
    ],
    [
        182250,
        [
            810,
            225
        ]
    ],
    [
        190260,
        [
            906,
            210
        ]
    ],
    [
        175329,
        [
            759,
            231
        ]
    ],
    [
        174370,
        [
            470,
            371
        ]
    ],
    [
        173250,
        [
            750,
            231
        ]
    ],
    [
        172822,
        [
            782,
            221
        ]
    ],
    [
        162976,
        [
            926,
            176
        ]
    ],
    [
        156915,
        [
            951,
            165
        ]
    ],
    [
        153436,
        [
            431,
            356
        ]
    ],
    [
        125433,
        [
            543,
            231
        ]
    ],
    [
        180297,
        [
            897,
            201
        ]
    ],
    [
        163944,
        [
            414,
            396
        ]
    ],
    [
        118440,
        [
            840,
            141
        ]
    ],
    [
        193257,
        [
            591,
            327
        ]
    ],
    [
        131242,
        [
            422,
            311
        ]
    ],
    [
        124483,
        [
            443,
            281
        ]
    ],
    [
        125248,
        [
            824,
            152
        ]
    ],
    [
        145314,
        [
            414,
            351
        ]
    ],
    [
        123354,
        [
            534,
            231
        ]
    ],
    [
        193945,
        [
            491,
            395
        ]
    ],
    [
        110758,
        [
            701,
            158
        ]
    ],
    [
        117067,
        [
            701,
            167
        ]
    ],
    [
        115672,
        [
            761,
            152
        ]
    ],
    [
        105264,
        [
            516,
            204
        ]
    ],
    [
        135837,
        [
            387,
            351
        ]
    ],
    [
        105210,
        [
            501,
            210
        ]
    ],
    [
        102510,
        [
            510,
            201
        ]
    ],
    [
        104260,
        [
            401,
            260
        ]
    ],
    [
        152608,
        [
            608,
            251
        ]
    ],
    [
        125500,
        [
            500,
            251
        ]
    ],
    [
        105750,
        [
            705,
            150
        ]
    ],
    [
        108135,
        [
            801,
            135
        ]
    ],
    [
        125460,
        [
            246,
            204,
            510,
            615
        ]
    ],
    [
        192150,
        [
            915,
            210
        ]
    ],
    [
        126027,
        [
            627,
            201
        ]
    ],
    [
        129640,
        [
            926,
            140
        ]
    ],
    [
        156240,
        [
            651,
            240
        ]
    ],
    [
        152685,
        [
            585,
            261
        ]
    ],
    [
        129775,
        [
            725,
            179
        ]
    ],
    [
        186624,
        [
            864,
            216
        ]
    ],
    [
        180225,
        [
            801,
            225
        ]
    ],
    [
        132430,
        [
            410,
            323
        ]
    ],
    [
        126846,
        [
            486,
            261
        ]
    ],
    [
        133245,
        [
            423,
            315
        ]
    ],
    [
        134725,
        [
            425,
            317
        ]
    ],
    [
        156289,
        [
            581,
            269
        ]
    ],
    [
        135828,
        [
            588,
            231
        ]
    ],
    [
        136525,
        [
            635,
            215
        ]
    ],
    [
        136948,
        [
            938,
            146
        ]
    ],
    [
        120600,
        [
            600,
            201
        ]
    ],
    [
        140350,
        [
            401,
            350
        ]
    ],
    [
        146137,
        [
            461,
            317
        ]
    ],
    [
        146952,
        [
            942,
            156
        ]
    ],
    [
        116725,
        [
            725,
            161
        ]
    ],
    [
        150300,
        [
            501,
            300
        ]
    ]
]
