[
    [
        6880,
        [
            86,
            80
        ]
    ],
    [
        1395,
        [
            93,
            15
        ]
    ],
    [
        1260,
        [
            60,
            21
        ]
    ],
    [
        1435,
        [
            41,
            35
        ]
    ],
    [
        1827,
        [
            87,
            21
        ]
    ],
    [
        1530,
        [
            51,
            30
        ]
    ],
    [
        2187,
        [
            81,
            27
        ]
    ]
]
