[
    [
        809919,
        [
            909,
            891
        ]
    ],
    [
        794088,
        [
            984,
            807
        ]
    ],
    [
        792585,
        [
            927,
            855
        ]
    ],
    [
        738468,
        [
            876,
            843
        ]
    ],
    [
        629680,
        [
            926,
            680
        ]
    ],
    [
        567648,
        [
            864,
            657
        ]
    ],
    [
        559188,
        [
            951,
            588
        ]
    ],
    [
        536539,
        [
            953,
            563
        ]
    ],
    [
        568750,
        [
            875,
            650
        ]
    ],
    [
        529672,
        [
            926,
            572
        ]
    ],
    [
        809964,
        [
            906,
            894
        ]
    ],
    [
        516879,
        [
            759,
            681
        ]
    ],
    [
        498550,
        [
            845,
            590
        ]
    ],
    [
        475380,
        [
            834,
            570
        ]
    ],
    [
        457600,
        [
            704,
            650
        ]
    ],
    [
        428980,
        [
            890,
            482
        ]
    ],
    [
        416988,
        [
            891,
            468
        ]
    ],
    [
        414895,
        [
            845,
            491
        ]
    ],
    [
        404968,
        [
            908,
            446
        ]
    ],
    [
        378450,
        [
            870,
            435
        ]
    ],
    [
        815958,
        [
            951,
            858
        ]
    ],
    [
        378418,
        [
            878,
            431
        ]
    ],
    [
        378400,
        [
            800,
            473
        ]
    ],
    [
        841995,
        [
            945,
            891
        ]
    ],
    [
        368550,
        [
            630,
            585
        ]
    ],
    [
        673920,
        [
            936,
            720
        ]
    ],
    [
        538650,
        [
            855,
            630
        ]
    ],
    [
        365638,
        [
            686,
            533
        ]
    ],
    [
        362992,
        [
            926,
            392
        ]
    ],
    [
        341653,
        [
            641,
            533
        ]
    ],
    [
        338296,
        [
            863,
            392
        ]
    ],
    [
        336960,
        [
            936,
            360
        ]
    ],
    [
        336550,
        [
            635,
            530
        ]
    ],
    [
        769792,
        [
            992,
            776
        ]
    ],
    [
        319059,
        [
            909,
            351
        ]
    ],
    [
        315900,
        [
            900,
            351
        ]
    ],
    [
        315594,
        [
            591,
            534
        ]
    ],
    [
        312975,
        [
            975,
            321
        ]
    ],
    [
        312475,
        [
            725,
            431
        ]
    ],
    [
        296320,
        [
            926,
            320
        ]
    ],
    [
        286416,
        [
            612,
            468
        ]
    ],
    [
        284760,
        [
            678,
            420
        ]
    ],
    [
        284598,
        [
            582,
            489
        ]
    ],
    [
        263074,
        [
            602,
            437
        ]
    ],
    [
        262984,
        [
            926,
            284
        ]
    ],
    [
        416650,
        [
            650,
            641
        ]
    ],
    [
        260338,
        [
            806,
            323
        ]
    ],
    [
        729688,
        [
            926,
            788
        ]
    ],
    [
        319536,
        [
            951,
            336
        ]
    ],
    [
        254740,
        [
            542,
            470
        ]
    ],
    [
        253750,
        [
            725,
            350
        ]
    ],
    [
        251896,
        [
            851,
            296
        ]
    ],
    [
        1435,
        [
            41,
            35
        ]
    ],
    [
        135828,
        [
            588,
            231
        ]
    ],
    [
        134725,
        [
            425,
            317
        ]
    ],
    [
        126846,
        [
            486,
            261
        ]
    ],
    [
        132430,
        [
            410,
            323
        ]
    ],
    [
        180225,
        [
            801,
            225
        ]
    ],
    [
        186624,
        [
            864,
            216
        ]
    ],
    [
        456840,
        [
            846,
            540
        ]
    ],
    [
        156240,
        [
            651,
            240
        ]
    ],
    [
        346968,
        [
            948,
            366
        ]
    ],
    [
        304717,
        [
            707,
            431
        ]
    ],
    [
        126027,
        [
            627,
            201
        ]
    ],
    [
        361989,
        [
            981,
            369
        ]
    ],
    [
        192150,
        [
            915,
            210
        ]
    ],
    [
        125460,
        [
            246,
            204,
            510,
            615
        ]
    ],
    [
        829696,
        [
            926,
            896
        ]
    ],
    [
        213466,
        [
            626,
            341
        ]
    ],
    [
        124483,
        [
            443,
            281
        ]
    ],
    [
        125500,
        [
            500,
            251
        ]
    ],
    [
        105750,
        [
            705,
            150
        ]
    ],
    [
        131242,
        [
            422,
            311
        ]
    ],
    [
        193257,
        [
            591,
            327
        ]
    ],
    [
        329656,
        [
            926,
            356
        ]
    ],
    [
        125248,
        [
            824,
            152
        ]
    ],
    [
        145314,
        [
            414,
            351
        ]
    ],
    [
        163944,
        [
            414,
            396
        ]
    ],
    [
        180297,
        [
            897,
            201
        ]
    ],
    [
        1530,
        [
            51,
            30
        ]
    ],
    [
        102510,
        [
            510,
            201
        ]
    ],
    [
        105264,
        [
            516,
            204
        ]
    ],
    [
        135837,
        [
            387,
            351
        ]
    ],
    [
        326452,
        [
            623,
            524
        ]
    ],
    [
        216733,
        [
            671,
            323
        ]
    ],
    [
        1827,
        [
            87,
            21
        ]
    ],
    [
        129640,
        [
            926,
            140
        ]
    ],
    [
        1260,
        [
            60,
            21
        ]
    ],
    [
        1395,
        [
            93,
            15
        ]
    ],
    [
        6880,
        [
            86,
            80
        ]
    ],
    [
        939658,
        [
            986,
            953
        ]
    ],
    [
        789525,
        [
            957,
            825
        ]
    ],
    [
        392566,
        [
            662,
            593
        ]
    ],
    [
        201852,
        [
            801,
            252
        ]
    ],
    [
        152608,
        [
            608,
            251
        ]
    ],
    [
        486720,
        [
            780,
            624
        ]
    ],
    [
        241564,
        [
            524,
            461
        ]
    ],
    [
        489159,
        [
            891,
            549
        ]
    ],
    [
        129775,
        [
            725,
            179
        ]
    ],
    [
        125433,
        [
            543,
            231
        ]
    ],
    [
        2187,
        [
            81,
            27
        ]
    ],
    [
        136525,
        [
            635,
            215
        ]
    ],
    [
        108135,
        [
            801,
            135
        ]
    ],
    [
        226872,
        [
            822,
            276
        ]
    ],
    [
        140350,
        [
            401,
            350
        ]
    ],
    [
        736695,
        [
            963,
            765
        ]
    ],
    [
        458640,
        [
            840,
            546
        ]
    ],
    [
        193945,
        [
            491,
            395
        ]
    ],
    [
        117067,
        [
            701,
            167
        ]
    ],
    [
        105210,
        [
            501,
            210
        ]
    ],
    [
        150300,
        [
            501,
            300
        ]
    ],
    [
        123354,
        [
            534,
            231
        ]
    ],
    [
        115672,
        [
            761,
            152
        ]
    ],
    [
        789250,
        [
            902,
            875
        ]
    ],
    [
        638950,
        [
            983,
            650
        ]
    ],
    [
        136948,
        [
            938,
            146
        ]
    ],
    [
        146137,
        [
            461,
            317
        ]
    ],
    [
        116725,
        [
            725,
            161
        ]
    ],
    [
        146952,
        [
            942,
            156
        ]
    ],
    [
        153436,
        [
            431,
            356
        ]
    ],
    [
        429664,
        [
            926,
            464
        ]
    ],
    [
        211896,
        [
            981,
            216
        ]
    ],
    [
        156915,
        [
            951,
            165
        ]
    ],
    [
        371893,
        [
            971,
            383
        ]
    ],
    [
        162976,
        [
            926,
            176
        ]
    ],
    [
        679500,
        [
            906,
            750
        ]
    ],
    [
        489955,
        [
            899,
            545
        ]
    ],
    [
        386415,
        [
            831,
            465
        ]
    ],
    [
        384912,
        [
            891,
            432
        ]
    ],
    [
        156289,
        [
            581,
            269
        ]
    ],
    [
        172822,
        [
            782,
            221
        ]
    ],
    [
        173250,
        [
            750,
            231
        ]
    ],
    [
        447916,
        [
            941,
            476
        ]
    ],
    [
        329346,
        [
            963,
            342
        ]
    ],
    [
        174370,
        [
            470,
            371
        ]
    ],
    [
        133245,
        [
            423,
            315
        ]
    ],
    [
        175329,
        [
            759,
            231
        ]
    ],
    [
        152685,
        [
            585,
            261
        ]
    ],
    [
        190260,
        [
            906,
            210
        ]
    ],
    [
        182250,
        [
            810,
            225
        ]
    ],
    [
        369189,
        [
            969,
            381
        ]
    ],
    [
        182650,
        [
            650,
            281
        ]
    ],
    [
        197725,
        [
            719,
            275
        ]
    ],
    [
        205785,
        [
            807,
            255
        ]
    ],
    [
        118440,
        [
            840,
            141
        ]
    ],
    [
        110758,
        [
            701,
            158
        ]
    ],
    [
        217638,
        [
            678,
            321
        ]
    ],
    [
        104260,
        [
            401,
            260
        ]
    ],
    [
        218488,
        [
            881,
            248
        ]
    ],
    [
        226498,
        [
            842,
            269
        ]
    ],
    [
        229648,
        [
            926,
            248
        ]
    ],
    [
        215860,
        [
            860,
            251
        ]
    ],
    [
        233896,
        [
            692,
            338
        ]
    ],
    [
        120600,
        [
            600,
            201
        ]
    ],
    [
        245182,
        [
            581,
            422
        ]
    ]
]
