[
    [
        939658,
        [
            986,
            953
        ]
    ],
    [
        829696,
        [
            926,
            896
        ]
    ],
    [
        792585,
        [
            927,
            855
        ]
    ],
    [
        789525,
        [
            957,
            825
        ]
    ],
    [
        794088,
        [
            984,
            807
        ]
    ],
    [
        567648,
        [
            864,
            657
        ]
    ],
    [
        538650,
        [
            855,
            630
        ]
    ],
    [
        815958,
        [
            951,
            858
        ]
    ],
    [
        809964,
        [
            906,
            894
        ]
    ],
    [
        638950,
        [
            983,
            650
        ]
    ],
    [
        738468,
        [
            876,
            843
        ]
    ],
    [
        809919,
        [
            909,
            891
        ]
    ],
    [
        516879,
        [
            759,
            681
        ]
    ],
    [
        529672,
        [
            926,
            572
        ]
    ],
    [
        841995,
        [
            945,
            891
        ]
    ],
    [
        568750,
        [
            875,
            650
        ]
    ],
    [
        559188,
        [
            951,
            588
        ]
    ],
    [
        769792,
        [
            992,
            776
        ]
    ],
    [
        629680,
        [
            926,
            680
        ]
    ],
    [
        736695,
        [
            963,
            765
        ]
    ],
    [
        536539,
        [
            953,
            563
        ]
    ],
    [
        673920,
        [
            936,
            720
        ]
    ],
    [
        679500,
        [
            906,
            750
        ]
    ],
    [
        729688,
        [
            926,
            788
        ]
    ],
    [
        789250,
        [
            902,
            875
        ]
    ]
]
